  1001736

     3357     1668      430     1253      426     1251
      429      448      391      449      391      449
      390     1250      429      450      390      450
      390     1249      429     1256      424      414
      426     1250      429      449      391      449
      390     1251      428     1249      431      414
      425     1250      429     1249      431      449
      390      449      391     1250      429      449
      391      449      390     1251      433      445
      390      449      390      450      391      449
      390      450      390      449      390      450
      390      449      390      450      390      414
      426      449      390      449      395      445
      391      449      391      448      392      413
      425      450      390      449      390      450
      390      449      391     1250      429      450
      390      449      391      449      390      449
      391      449      390     1250      429      449
      391      450      390      448      391      450
      390     1251      428      449      391      449
      390     1251      429      449      390      449
      391      449      390      450      390      449
      390      450      390      450      390      449
      390     1251      429     1249      430      449
      391      415      424     1250      430     1250
      429      449      390      450      390      454
      386     1250      429     1250      429      450
      390     1250      429      449      391      449
      390     1251      429     1253      427     1249
      429      449      390      414      426      449
      391      449      390      450      390      449
      391      449      390      449      391      450
      390      449      390      449      391      449
      390      450      390      449      391      448
      391      449      390      450      390      450
      390      449      391      448      391      451
      389      449      391      449      390      449
      391      449      390      450      390     1250
      429      449      391      449      390      449
      392     1249      430      449      390      449
      392      448      390      449      391      449
      391      449      390      449      390      450
      390      450      390     1249      430      450
      390      449      390      450      390      449
      391      413      427      449      390     1251
      428      450      390      449      390     1251
      431     1249      428      449      391      450
      389      449      450      390      449      390
      390     1251      429    11336     3427     1607
      431     1250      430     1249      430      449
      390      449      391      449      391     1249
      430      449      391      449      390     1251
      429     1250      429      449      390     1250
      430      449      390      449      390     1251
      488     1191      429      449      391     1249
      430     1250      429      449      391      454
      385     1250      490      389      391      449
      390     1248      431      450      390      449
      451      389      390      449      450      390
      450      393      446      390      391      449
      450      390      450      389      391      449
      391      448      391      449      390      449
      391      450      390      449      390      450
      390      453      387      449      448      392
      390     1249      430      449      390      450
      390      449      391      449      391      449
      450     1190      430      453      386      449
      450      390      390      449      391     1249
      430      449      390      450      391     1248
      430      449      451      389      391      453
      386      450      390      449      391      449
      450      389      391      449      390     1251
      429     1249      490      389      450      390
      390     1251      487     1191      431      448
      449      391      447      392      449     1191
      489     1190      430      449      450     1190
      490      389      450      390      448     1192
      490     1188      490     1190      430      449
      450      389      392      448      451      389
      450      389      449      391      450      389
      452      388      391      449      451      389
      449      390      450      390      390      449
      450      390      452      387      451      389
      451      389      450      390      450      390
      449      390      451      388      450      390
      449      391      450      389      451      389
      451      388      456     1184      489      390
      450      390      450      389      451     1190
      488      390      452      388      451      389
      451      388      390      449      452      389
      450      389      450      390      390      450
      390     1250      490      388      450      390
      451      389      450      389      451      389
      450      393      446     1191      489      389
      450      390      450     1190      490     1189
      489      390      451      389      450      389
      451      393      446      389      451     1190
      489