   908326

     3432     1597      500     1183      495     1179
      498      345      420      419      497      342
      503     1174      424      420      500      371
      465     1180      508     1170      399      476
      388     1256      501      341      497      376
      466     1177      501     1178      508      336
      398     1278      500     1179      475      366
      496      345      501     1175      505      339
      496      375      467     1173      508      372
      468      339      497      374      469      339
      419      453      387      452      465      341
      420      421      492      346      422      418
      421      419      497      342      400      474
      468      371      461      346      503      370
      470      336      502      338      420      419
      495      344      500      340      421      452
      466      341      421      455      383      420
      500      339      421     1257      423      419
      475      365      500      337      496      344
      422      421      499     1178      502     1176
      504      338      495      377      467      341
      492      379      469      338      499      341
      498      341      500      373      462      377
      387     1255      500     1182      502      341
      500      371      467     1178      501     1176
      477      367      500      372      466      341
      476     1200      501     1179      423      419
      419     1258      500      340      504      370
      466     1178      499     1184      499     1177
      422      452      467      373      468      338
      495      379      466      340      501      338
      474      399      464      345      496      344
      498      339      498      342      420      419
      501      341      496      342      499      339
      422      419      499      340      421      420
      420      419      493      379      469      371
      468      339      497      343      500      372
      467      340      498      374      387     1257
      503      339      498      341      497      342
      420     1258      508      367      467      340
      497      375      463      345      498      340
      496      346      496      341      502      338
      496      343      498     1180      500      375
      468      338      499      341      503      338
      498      341      497      374      469     1174
      504      373      467      339      501      372
      465      341      499      341      501      340
      498      341      496     1179      501     1180
      422      420      499    11270     3441     1596
      502     1178      423     1257      505      369
      468      372      387      453      387     1257
      422      421      496      344      418     1257
      503     1175      500      344      419     1256
      502      374      464      344      475     1201
      500     1179      424      450      467     1177
      498     1182      501      342      420      452
      388     1261      498      339      419      420
      499     1176      506      339      420      420
      419      419      421      420      495      343
      498      375      388      418      420      457
      459      377      388      451      469      336
      499      343      495      345      493      346
      421      418      420      420      498      343
      419      420      421      451      466      342
      497      342      496      376      462      346
      497      375      465      342      395      443
      501     1177      502      339      499      341
      495      344      502      371      465      342
      499     1176      503     1179      502      372
      462      344      501      340      420      419
      493      346      422      418      500      341
      419      452      462      346      495     1180
      500     1179      423      420      496      342
      422     1256      423     1260      496      342
      421      452      388      419      421     1255
      497     1183      496      346      493     1184
      498      344      420      419      422     1255
      502     1177      500     1180      499      343
      501      340      495      345      419      452
      466      341      494      378      388      451
      388      452      363      444      420      419
      497      342      496      344      422      452
      386      421      419      420      493      379
      467      372      466      342      498      340
      421      453      466      340      500      373
      388      419      497      343      420      452
      388      417      423     1256      502      372
      467      343      493      345      420     1254
      425      418      499      374      362      478
      460      346      420      421      499      339
      396      446      418      453      463      376
      467     1177      497      347      495      342
      421      453      387      420      421      451
      464      342      496     1182      499      346
      494      375      464      343      494      345
      498      375      463      343      499      341
      497     1179      423     1257      500      343
      492