   950477

     3439     1595      422     1255      506     1174
      504      371      467      372      465      343
      419     1255      505      372      389      451
      387     1256      504     1176      423      419
      420     1256      505      341      499      370
      463     1181      423     1255      504      373
      465     1179      503     1176      500      339
      423      420      495     1182      422      419
      495      344      500     1177      501      342
      496      345      419      421      418      419
      503      370      466      341      499      341
      494      346      499      373      459      345
      497      343      502      340      499      374
      468      371      461      345      500      373
      467      340      499      341      498      343
      490      381      463     1179      500      341
      503      372      474      365      466      341
      501      372      464     1179      424      452
      465      374      470      370      387      418
      501      340      497     1180      509     1171
      422      421      419      452      470      369
      466      341      421      452      463      377
      468      337      498      376      465      342
      498     1184      492     1182      503      338
      422      451      464     1180      504     1175
      498      345      499      339      499      343
      505     1172      503     1176      499      343
      499     1176      504      338      501      372
      467     1176      399     1287      495     1178
      500      342      499      341      500      339
      494      380      465      343      498      372
      467      338      502      341      493      345
      500      340      421      420      496      343
      497      340      422      420      498      342
      498      375      386      420      502      370
      466      373      469      338      500      342
      500      337      421      420      492      348
      499      373      467      372      469     1174
      502      374      467      341      499      340
      500     1177      499      340      506      336
      494      378      469      371      464      375
      443      363      498      342      421      420
      496      344      498     1178      423      452
      462      377      388      420      499      339
      498      375      464      342      421     1257
      499      343      498      375      469      370
      469      371      465      378      464      340
      421      416      500      342      420      421
      394     1281      503    11273     3359     1674
      504     1176      503     1175      502      374
      466      341      499      373      468     1176
      507      368      466      342      499     1176
      504     1174      504      340      500     1177
      505      370      387      453      388     1258
      499     1177      502      373      465     1179
      499     1181      423      452      467      341
      493     1182      427      448      467      372
      466     1177      502      342      421      420
      418      453      387      453      465      341
      421      452      465      343      418      419
      425      416      500      340      500      338
      475      366      420      420      496      343
      497      343      495      344      500      373
      467      372      387      453      469      336
      421     1256      506      336      500      343
      494      342      421      453      464      342
      502     1175      497      346      494      345
      497      376      388      452      468      338
      498     1178      500     1180      498      377
      463      343      499      342      498      341
      497      376      463      376      387      419
      495      379      458      347      496     1182
      423     1257      501      373      387      453
      461     1182      503     1181      419      452
      465      341      493      347      420     1257
      499     1180      423      420      420     1257
      500      346      416      418      497     1182
      503     1174      502     1178      500      342
      499      341      496      344      420      420
      420      456      464      338      499      340
      499      342      421      451      389      418
      499      341      420      420      499      340
      500      341      419      418      494      380
      470      337      420      419      396      477
      387      419      421      420      496      375
      466      374      387      453      465      342
      461      377      421     1258      425      449
      466      340      421      420      420     1256
      501      342      419      420      420      452
      388      419      498      374      462      344
      500      341      495      345      495      345
      495     1181      423      420      419      419
      497      343      420      453      466      340
      496      377      388     1256      504      337
      421      453      463      345      418      420
      419      421      495      343      421      419
      421      419      421      452      466     1177
      497