   927373

     3359     1673      426     1252      427     1253
      427      451      388      451      389      417
      422     1252      427      418      422      451
      389     1252      427     1254      425      452
      388     1252      427      451      389      451
      388     1252      428     1251      428      451
      388     1252      428     1257      422      451
      389      451      388     1252      427      452
      387      416      425     1250      429      451
      388      451      389      455      385      451
      388      451      389      451      388      451
      389      451      389      451      388      417
      423      451      389      450      389      451
      389      451      388      452      389      450
      389      416      424      451      388      451
      389      451      389      450      388      453
      388      450      389      451      389      451
      388      417      427     1249      426      414
      426      452      388      450      389      450
      390     1251      428     1252      427      451
      387      453      393      446      389      414
      426      451      388      452      387      452
      388      452      388      451      388      452
      388     1252      427     1253      431      447
      389      450      389     1252      427     1253
      427      451      387      452      389      451
      389     1253      426     1255      424      451
      390      450      388      451      389      415
      424     1253      427     1252      427     1252
      427      451      389      450      390      450
      389      450      390      415      423      452
      389      418      421      417      423      451
      389      414      426      450      389      451
      388      451      389      451      389      451
      389      451      388      451      389      416
      424      450      389      415      424      417
      423      451      389      450      389      451
      389      451      389      450      389     1253
      426      451      390      450      388      451
      389     1253      427      451      388      451
      389      451      388      452      388      452
      388      451      389      450      388      451
      390      451      388     1251      428      452
      389      450      389      450      363      442
      424      451      389      414      425     1253
      426      450      390      451      389      450
      390      451      387     1254      426     1251
      428     1253      426      451      388     1253
      428      450      389    11341     3366     1675
      424     1252      427     1252      427      416
      424      451      388      416      424     1253
      427      450      392      413      424     1252
      427     1253      426      451      388     1253
      427      451      388      452      387     1254
      430     1247      428      451      389     1253
      427     1251      428      451      388      415
      425     1253      426      451      388      452
      388     1252      427      451      390      450
      388      452      388      451      388      452
      389      451      388      451      389      417
      423      417      423      450      389      451
      388      416      423      452      389      450
      388      452      389      451      388      451
      390      450      388      417      423      451
      388      419      422      451      387      416
      424      452      389      450      388      452
      389     1252      427      416      424      450
      389      451      390      450      388     1252
      426     1253      428      451      388      417
      422      452      388      416      425      450
      389      451      388      452      388      451
      389      451      388      451      388     1254
      426     1252      427      418      423      450
      388     1253      427     1252      427      451
      389      451      389      450      389     1252
      427     1253      427      415      424      416
      423      452      388      417      423     1254
      426     1252      426     1252      427      417
      423      451      389      451      388      451
      389      417      423      451      389      416
      422      452      389      451      388      451
      389      451      388      451      389      451
      388      451      390      451      462      343
      423      450      389      416      424      451
      469      371      388      451      388      416
      424      452      388      417      423      451
      388      415      425     1253      426      451
      388      451      463      377      390     1252
      499      378      389      451      388      451
      467      373      388      418      422      452
      463      376      389      450      466      339
      424     1255      424      451      462      377
      389      452      466      338      500      374
      388      452      388     1252      428      451
      389      451      463      377      466      373
      389     1252      504     1175      500     1179
      500      343      424     1252      427      451
      389