   953823

     3434     1593      510     1173      499     1179
      505      337      424      416      422      420
      419     1255      425      417      422      418
      422     1254      499     1161      443      421
      498     1177      423      418      422      452
      460     1181      507     1176      423      417
      423     1255      424     1253      426      418
      422      418      421     1256      423      452
      388      452      465     1180      421      453
      461      345      502      371      460      345
      497      344      421      418      422      451
      387      419      421      453      388      451
      468      338      499      343      497      339
      423      451      468      337      422      453
      463      344      423      452      467      340
      420      417      421      453      388      421
      419      451      389      451      389      450
      465      376      388     1255      504      339
      496      342      496      346      493      345
      421     1256      500      343      493     1182
      424      451      468      340      499      378
      383      451      464      376      466      340
      421      421      420      417      421      420
      422     1254      424     1256      501      343
      492      348      493     1180      425     1254
      426      450      466      374      465      343
      496     1179      504     1174      504      342
      418      418      499      343      420      419
      421     1255      498     1181      504     1175
      501      340      423      421      490      384
      458      344      422      451      389      419
      497      340      423      418      498      342
      496      343      422      451      466      373
      465      375      389      418      420      423
      491      345      500      373      388      451
      464      342      500      374      388      452
      463      343      422      417      500      339
      423      417      421      418      500     1178
      502      373      468      373      466      341
      500     1175      496      345      423      419
      498      341      421      451      467      373
      466      373      469      339      420      418
      500      342      420     1256      497      345
      497      375      464      342      422      451
      388      419      421      418      422     1254
      424      418      422      419      497      375
      463     1181      424     1254      425     1256
      424     1259      496      375      466     1177
      499      345      494    11269     3358     1679
      422     1254      502     1178      424      419
      497      342      496      342      499     1178
      424      452      387      425      391     1281
      423     1257      500      341      497     1179
      502      343      420      418      496     1180
      424     1259      419      452      459     1184
      425     1255      496      346      493      380
      388     1255      502      342      421      455
      458     1182      500      341      421      452
      463      342      422      420      500      341
      495      342      420      454      465      340
      420      422      495      347      494      375
      388      419      421      418      420      453
      386      453      464      344      420      418
      496      345      418      422      421      418
      421      451      465      343      419      453
      388      451      463      343      421      452
      466     1178      504      371      465      374
      465      344      493      378      389     1253
      501      376      462     1180      425      418
      422      419      420      452      387      419
      421      419      422      451      464      342
      421      420      420      452      387     1256
      502     1178      497      344      422      451
      462     1183      423     1256      423      451
      389      417      422      418      422     1255
      498     1181      424      419      420      418
      422      419      422      451      467     1176
      424     1256      423     1254      426      419
      420      452      388      452      462      377
      463      344      421      451      387      419
      494      346      423      450      388      418
      422      420      419      418      495      346
      493      379      464      342      498      342
      422      418      495      345      421      417
      499      341      421      419      422      451
      465      342      421      452      387      419
      497      342      500     1176      425      451
      389      451      465      341      422     1258
      420      453      465      374      466      341
      500      339      498      375      461      346
      495      345      502      370      461      346
      420     1257      502      373      467      339
      422      450      388      419      497      376
      388      452      466     1176      504      341
      494      344      496      377      463     1185
      496     1178      501     1179      501     1177
      425      451      467     1176      502      341
      495