  3243590

     3424     1617      482     1188      489     1189
      489      393      450      416      423      391
      449     1188      492      390      448      390
      455     1181      491     1191      488      393
      449     1189      491      389      450      391
      448     1227      452     1194      485      390
      450     1188      492     1190      488      391
      449      391      449     1187      491      391
      450      390      449     1191      488      390
      450      389      450      390      450      389
      451      389      450      390      449      390
      450      390      449      390      449      396
      445      389      450      391      449      390
      449      390      449      392      447      392
      449      390      450      389      450      391
      448      391      449      390      450      390
      449      390      449      392      449      389
      450      390      449     1190      490      390
      450      390      449      390      450      390
      449     1188      491      391      448      391
      449      391      449      391      448      391
      449      391      449      390      448      392
      449      390      449      390      448      392
      449     1189      491     1187      491      392
      448      391      448     1190      489     1189
      490      392      449      390      449      391
      449     1188      491     1188      491      391
      449     1188      490     1188      492     1189
      491      390      449     1187      492     1188
      491      391      449      390      449      391
      450      390      447      392      449      391
      448      392      453      386      456      384
      448      391      449      390      449      391
      448      392      447      392      448      392
      449      391      448      391      448      392
      448      392      447      392      447      393
      447      393      447      392      448      390
      449      392      449      390      449     1188
      491      391      448      391      450      390
      446     1194      487      392      448      391
      448      393      446      393      448      391
      449      391      447      392      448      392
      448      392      446     1192      488      393
      445      394      448      392      446      393
      448      392      447      393      448     1189
      489      392      448      392      446     1189
      491      392      448      392      444     1195
      488     1190      488      394      443     1193
      491      391      447    11270     3429     1611
      490     1189      490     1192      488      392
      446      394      447      392      446     1191
      489      393      446      393      447     1191
      488     1189      490      394      446     1192
      487      393      446      393      447     1192
      488     1191      487      393      447     1191
      488     1191      489      393      445      394
      446     1191      488      394      446      393
      447     1191      489      392      447      393
      446      394      449      389      447      394
      447      392      444      396      446      393
      447      393      446      394      446      393
      446      393      446      394      446      394
      446      393      450      390      445      395
      445      395      443      395      447      394
      444      394      446      394      446      394
      446      394      445      394      445      395
      397     1246      481      394      447      393
      446      394      445      395      444     1192
      487      395      445      395      446      393
      445      395      445      394      451      389
      397      443      444      395      445      394
      447      393      446      394      444     1192
      488     1194      485      394      446      394
      449     1189      486     1191      489      394
      445      395      445      395      445     1191
      487     1194      486      394      397     1240
      440     1241      487     1190      440      443
      444     1192      485     1194      488      399
      441      394      445      395      445      395
      444      394      397      443      444      396
      397      443      397      442      445      395
      396      443      398      442      397      442
      444      396      443      397      397      442
      445      395      397      442      443      397
      443      396      397      443      397      442
      397      443      443      396      398      442
      445      395      396     1241      438      443
      445      395      444      396      397     1240
      485      396      444      395      398      443
      397      442      398      442      397      443
      397      442      397      443      397      443
      396     1241      485      397      396      442
      398      442      397      442      397      448
      392      442      398     1239      440      443
      397      442      397     1240      440      442
      397      442      398     1240      443     1237
      485      396      396     1241      484      397
      397