  1469674

     3432     1598      499     1177      504     1177
      498      343      498      342      396      443
      493     1185      506      337      499      339
      501     1177      497     1181      423      453
      467     1177      502      339      472      401
      465     1177      424     1254      425      420
      421     1256      500     1178      424      419
      496      346      418     1257      423      452
      468      371      387     1257      504      371
      469      339      419      419      503      339
      498      373      469      370      465      342
      499      374      463      343      473      366
      476      369      491      378      386      453
      462      345      496      343      422      451
      470      338      419      452      460      379
      388      453      466      373      461      345
      499      346      416      419      420      418
      492      349      502     1176      503      339
      419      453      468      339      419      453
      468      338      396      477      470      370
      470     1174      504      336      503      339
      499      373      465      375      467      339
      421      452      467      372      387      453
      466     1177      424     1257      504      337
      498      341      421     1256      501     1179
      505      369      388      418      422      419
      497     1180      497     1183      498      376
      470     1174      501      342      494      346
      498     1177      501     1184      495     1180
      502      342      498      337      499      342
      421      452      465      341      500      373
      388      419      497      343      500      339
      503      337      499      373      387      453
      387      422      418      421      492      345
      421      419      420      421      419      420
      495      344      501      372      387      418
      507      367      470      338      499      373
      467      338      422      418      497     1179
      504      339      421      452      469      337
      498     1179      427      416      494      344
      422      452      463      342      475      399
      467      340      421      419      419      453
      466      373      461     1183      501      341
      504      369      463      376      463      377
      468      338      500      340      501     1176
      500      343      494      345      420      419
      495     1185      472      401      465      341
      421      452      386     1258      502     1176
      505      338      495    11274     3439     1599
      500     1179      504     1174      502      341
      421      420      500      339      498     1179
      501      374      467      340      500     1177
      501     1178      502      372      465     1180
      498      344      420      421      419     1255
      499     1181      423      418      397     1280
      425     1256      498      344      496      343
      421     1257      422      418      422      452
      460     1183      423      452      468      372
      467      340      420      420      420      452
      468      339      502      337      420      419
      421      453      462      343      500      341
      500      340      419      419      498      342
      496      345      420      419      495      345
      421      451      464      342      497      344
      418      454      465      340      500      374
      463      342      421      421      420      452
      465     1177      501      344      494      378
      464      342      497      344      420      418
      421      418      496      344      422     1255
      474      402      387      452      467      340
      421      452      362      477      469      338
      421      451      466      342      495     1181
      502     1177      499      375      468      340
      420     1255      424     1258      499      341
      422      451      465      375      464     1179
      500     1180      423      452      465     1179
      495      347      420      452      460     1184
      423     1255      425     1255      501      341
      421      420      499      342      494      343
      500      342      491      346      499      342
      421      451      464      376      460      346
      494      345      501      339      499      342
      494      345      494      379      466      339
      497      344      420      420      420      419
      496      343      421      420      420      419
      496      377      461      345      495      346
      499      373      386     1256      499      346
      498      341      497      341      496     1180
      500      376      464      343      499      341
      421      418      501      339      497      341
      422      420      496      344      495      342
      495     1182      498      345      498      342
      496      345      498      373      463      344
      498      343      496     1179      503      338
      422      418      501      373      463     1181
      498      343      421      418      421      453
      462     1180      501     1180      504      337
      495