  1398228

     3438     1595      504     1173      506     1174
      505      374      466      373      466      337
      503     1176      503      373      466      374
      467     1173      504     1174      508      377
      385     1251      506      372      466      374
      466     1173      430     1250      430      449
      467     1137      540     1175      505      374
      467      372      467     1173      504      376
      464      375      390     1249      507      373
      462      377      391      449      464      376
      468      371      463      377      467      372
      465      375      391      449      464      375
      391      449      391      449      465      374
      465      375      465      375      465      374
      465      374      466      338      499      377
      390      415      497      377      390      450
      390      449      465      375      461      378
      465      375      394     1245      505      342
      424      449      466      373      391      449
      391     1249      505      374      390      450
      461     1178      508      371      390      450
      465      375      390      449      390      450
      390      450      390      449      390      450
      390     1249      430     1251      432      446
      390      449      390     1250      430     1250
      429      450      390      449      390      450
      460     1179      430     1250      501      378
      390     1250      429      450      464      375
      391     1249      430     1250      429     1250
      429      450      462      377      390      450
      463      377      390      449      464      375
      391      449      391      449      390      450
      390      449      464      376      464      375
      391      449      390      450      389      450
      390      450      462      378      390      449
      391      449      390      450      390      449
      390      450      390      449      391      452
      387      449      391      449      390     1250
      429      450      390      450      390      449
      391     1249      430      449      390      450
      390      453      386      415      425      450
      390      449      390      450      390      450
      390      449      390     1251      499      379
      390      449      391      449      390      453
      387      450      390      449      390     1250
      429      450      390      449      391     1249
      430     1250      429      449      391      449
      390      449      391     1249      430     1249
      430      451      389    11336     3367     1670
      428     1250      429     1250      429      450
      390      449      391      449      390     1250
      430      449      390      450      390     1250
      429     1248      432      449      390     1250
      429      449      391      449      391     1250
      429     1248      431      413      426     1251
      429     1249      430      449      391      449
      390     1249      431      449      390      450
      390     1249      430      449      391      449
      391      449      390      449      390      450
      390      450      390      449      391      448
      392      448      391      449      390      450
      390      449      390      450      390      449
      391      449      390      449      391      449
      391      449      390      449      391      450
      390      449      389      451      390      449
      390      449      391      449      390      450
      390     1250      429      450      390      449
      391      449      390      451      389     1249
      430      449      390      450      390     1249
      431      449      390      450      390      449
      390      450      390      449      391      454
      385      450      390      449      391     1250
      429     1250      429      449      390      450
      390     1250      430     1254      425      449
      390      450      390      449      391     1250
      429     1249      430      449      391     1251
      428      449      391      449      390     1250
      430     1250      429     1249      430      449
      391      449      390      449      390      450
      391      449      394      446      390      449
      390      450      390      449      391      449
      390      450      389      450      390      450
      390      449      391      449      390      449
      390      450      394      446      390      450
      390      449      390      450      390      449
      390      450      390      450      390      449
      391      449      390     1249      430      450
      390      449      390      450      390     1250
      429      450      390      449      391      449
      390      450      390      449      390      450
      390      449      391      449      390      450
      390     1250      429      450      390      449
      390      450      390      449      390      450
      390      450      390     1249      430      450
      390      449      390     1250      430     1250
      429      449      390      450      390      449
      390     1252      428     1250      429      449
      391