   715857

     3431     1597      422     1256      505     1175
      422      452      470      337      497      342
      470     1204      427      456      461      340
      498     1178      506     1174      498      342
      502     1178      502      340      420      453
      388     1257      499     1177      502      341
      422     1255      503     1177      499      342
      500      373      387     1257      424      420
      499      372      469     1175      495      347
      421      451      469      338      421      420
      419      453      467      372      463      344
      421      419      498      342      419      418
      494      346      423      417      495      345
      500      340      493      348      420      451
      388      451      389      418      422      452
      467      340      496      375      389      451
      388      451      388      419      496      343
      422      451      464     1179      502      342
      421      419      497      341      422      451
      388      418      495      346      420     1257
      501      340      498      341      397      445
      420      452      387      419      497      375
      467      373      463      344      425      447
      462     1181      504     1173      502      343
      422      416      423     1256      424     1254
      503      339      505      337      420      420
      497     1177      503     1177      500      375
      467      339      422      419      420      452
      389     1254      426     1254      501     1178
      425      418      496      344      420      420
      421      417      497      341      424      416
      422      453      466      377      466      370
      388      418      421      452      465      375
      466      339      497      377      388      418
      423      450      388      452      463      343
      501      338      497      380      460      343
      421      420      420      418      421      418
      422      452      388      418      422     1254
      424      419      422      451      388      419
      492     1185      499      340      497      345
      420      453      467      372      389      417
      421      452      465      341      422      451
      388      452      387     1258      423      419
      420      451      389      420      419      419
      492      380      464      376      462     1182
      498      343      497      343      496     1180
      425      451      388     1254      500     1181
      424     1255      425      451      388     1255
      501      344      498    11267     3361     1675
      500     1179      423     1255      504      372
      388      451      467      342      419     1256
      424      451      388      417      423     1255
      424     1255      424      418      426     1252
      501      341      492      347      497     1180
      500     1180      501      340      423     1253
      425     1258      421      418      422      452
      466     1176      425      451      389      451
      388     1255      501      344      419      418
      422      417      426      448      465      341
      494      345      397      443      421      420
      494      378      388      451      389      418
      495      377      461      347      497      375
      388      417      499      341      422      418
      502      371      389      416      423      451
      388      453      388      451      465      343
      420      419      420      452      467      341
      420     1255      424      419      421      418
      421      419      495      377      462      343
      423      451      465     1180      423      418
      421      418      500      340      421      420
      420      452      387      452      389      417
      422      418      499      374      389     1254
      424     1255      425      419      497      343
      495     1181      423     1256      424      417
      498      343      421      451      388     1256
      424     1254      425      452      387      420
      420      452      388      451      389     1254
      424     1255      425     1254      502      341
      421      418      423      418      501      371
      467      340      492      347      423      450
      388      419      498      341      421      452
      388      419      421      418      500      373
      465      375      393      446      463      344
      421      419      421      418      421      419
      496      377      468      371      388      418
      422      419      421      418      420      419
      421      419      499     1176      506      337
      422      419      496      345      420     1254
      501      375      388      452      462      344
      421      420      421      417      426      413
      497      343      498      375      469      337
      502     1175      503      341      498      374
      388      418      421      418      422      451
      388      452      472     1172      424      418
      500      339      422     1255      500      343
      499     1176      504     1175      500     1184
      420      418      496     1181      500      342
      501