   692063

     3432     1599      422     1255      496     1189
      496      341      422      451      468      373
      387     1256      502      340      497      343
      498     1177      501     1180      503      371
      464     1181      504      371      462      377
      466     1178      503     1176      499      345
      498     1178      503     1175      424      452
      464      344      496     1179      424      419
      501      370      466     1178      500      375
      466      374      389      419      496      342
      493      380      389      451      465      341
      421      419      496      377      389      417
      421      452      467      340      421      418
      498      343      501      370      465      341
      500      340      497      342      420      422
      419      418      422     1254      425      452
      460      347      421      418      501      372
      388      452      461     1183      502      372
      466      374      463      342      500      342
      499      338      423      418      396     1280
      502      375      386      419      501      338
      501      374      387      421      497      341
      499      373      387      419      422      451
      388     1256      504     1180      495      343
      421      417      422     1254      425     1258
      499      342      421      419      497      341
      501     1174      504     1177      424      451
      468      340      496      376      468      341
      419     1255      424     1256      504     1174
      505      337      422      418      420      421
      420      417      422      452      464      342
      500      373      466      340      421      453
      463      343      421      452      466      379
      383      452      465      342      420      417
      423      418      496      343      499      374
      462      378      462      378      387      452
      463      343      500      339      476      399
      466      339      422      418      421     1257
      500      374      468      339      421      452
      387     1256      497      346      421      452
      460      379      388      451      466      340
      422      451      465      341      423      450
      465      342      421     1254      501      343
      498      343      419      421      419      453
      466      338      421      420      494     1182
      502      342      497      340      422     1255
      502      375      388     1255      504     1174
      504     1177      495     1183      504     1176
      500      342      497    11264     3434     1599
      424     1255      424     1256      424      451
      462      346      419      420      500     1176
      500      342      421      419      498     1179
      495     1182      426      418      422     1253
      425      420      424      448      465     1178
      501     1178      500      342      498     1180
      498     1180      501      342      421      418
      422     1255      424      451      460      347
      421     1256      423      451      390      451
      387      419      420      452      461      379
      388      419      425      447      388      452
      464      376      388      420      420      451
      387      422      497      341      498      342
      419      452      464      344      420      418
      499      378      384      420      420      452
      388     1255      424      452      465      341
      494      379      462      343      499      343
      499     1176      498      344      422      418
      499      340      422      419      420      419
      422      419      495     1181      423      452
      388      418      422      417      423      451
      388      452      387      418      494      380
      458      348      494      345      499     1179
      501     1177      424      420      496      375
      463     1180      500     1182      499      341
      495      346      420      452      462     1181
      424     1257      501      373      364      442
      494      351      495      340      498     1178
      424     1254      501     1181      497      344
      493      346      496      344      422      419
      420      424      490      344      500      341
      420      451      388      452      465      342
      421      451      467      340      496      376
      467      340      499      374      465      342
      497      341      422      420      498      340
      496      343      493      348      421      419
      420      452      388      451      468      339
      496      344      502     1175      425      416
      421      421      498      340      496     1180
      423      420      500      340      499      340
      495      344      397      477      387      418
      497      376      468      340      494      345
      501     1176      499      342      497      376
      466      340      421      420      501      370
      470      371      466     1177      424      419
      497      376      461     1182      502      348
      492     1177      502     1177      498     1181
      498     1182      501     1177      503      340
      497