   717598

     3429     1604      501     1176      399     1281
      500      339      502      373      466      340
      500     1179      501      340      421      419
      499     1178      504     1174      503      338
      502     1177      502      372      469      338
      496     1181      424     1257      505      368
      442     1203      503     1174      423      453
      467      373      469     1175      502      373
      387      421      501     1176      496      343
      422      418      500      340      422      452
      387      418      472      402      388      451
      388      452      463      343      397      476
      469      338      497      342      494      347
      494      344      496      343      496      378
      463      343      499      340      422      452
      470      335      422     1255      425      417
      498      342      421      420      499      340
      421      420      420     1255      425      417
      499      341      497      376      462      345
      420     1256      506      339      491     1183
      423      418      498      341      501      339
      498      343      422      418      497      375
      388      418      422      419      420      418
      426     1251      504     1175      501      342
      498      374      465     1180      502     1177
      500      342      500      338      423      419
      420     1256      502     1176      425      418
      499      340      422      419      496      343
      493     1184      424     1256      424     1254
      501      340      423      417      422      451
      463      344      496      344      420      419
      423      417      499      374      388      451
      388      418      422      452      466      340
      422      418      421      418      422      451
      470      337      421      418      500      340
      421      419      496      343      421      419
      422      451      387      452      388      451
      467      339      423      451      388     1255
      424      417      495      345      497      343
      422     1261      419      451      388      419
      421      451      387      453      387      419
      420      421      420      419      494      344
      499      343      498     1176      502      342
      496      376      467      341      420      452
      467      338      422      419      421     1254
      425      419      498      374      388      452
      461     1184      422     1256      498     1180
      499     1181      424     1256      499     1180
      424      451      467    11276     3360     1675
      497     1182      423     1256      498      378
      387      420      494      345      497     1179
      424      451      464      342      422     1255
      424     1256      424      419      470     1205
      425      419      420      418      422     1255
      423     1256      424      452      462     1181
      503     1176      425      451      388      451
      388     1255      424      453      387      452
      464     1180      499      344      494      345
      421      419      497      375      387      452
      466      340      496      345      421      451
      388      452      388      419      499      340
      497      344      497      375      388      418
      422      451      465      374      467      340
      422      451      388      419      420      419
      421     1255      423      419      422      417
      422      451      389      418      422      418
      422     1256      498      344      499      340
      421      417      421      452      388     1256
      423      452      388     1257      424      421
      418      451      388      418      422      452
      464      342      422      418      494      346
      499      373      388      451      389     1255
      499     1184      420      418      502      371
      389     1256      499     1179      423      452
      468      339      421      451      388     1256
      503     1175      424      418      500      374
      462      344      499      342      421     1255
      501     1178      424     1255      427      416
      496      343      499      374      464      342
      500      373      467      342      418      419
      422      451      460      380      466      373
      466      341      495      344      425      416
      498      341      498      342      497      342
      499      341      501      371      466      342
      495      344      499      373      465      342
      498      341      496      377      470      338
      501      339      496     1179      500      341
      502      372      463      377      463     1180
      504      371      465      342      498      341
      497      376      468      341      499      339
      499      342      498      340      500      372
      388     1255      424      420      498      341
      497      343      498      341      499      373
      468      340      498     1177      499      345
      498      342      500      371      471     1173
      500     1179      501     1178      506     1174
      500     1178      503     1177      502      341
      420