  1389517

     3384     1679      419     1253      426     1254
      426      451      389      451      388      450
      389     1255      423      418      424      417
      422     1258      421     1255      425      417
      422     1252      427      418      422      451
      388     1254      401     1284      420      417
      423     1253      427     1254      424      451
      388      452      389     1253      426      416
      423      417      423     1259      420      451
      389      451      389      417      423      416
      423      417      422      417      423      415
      424      418      421      420      421      451
      388      455      385      451      389      450
      389      416      399      476      388      418
      423      414      503      340      421      451
      389      417      423     1255      426      448
      389      419      421      416      501      340
      421      418      423     1254      425      416
      424      450      390      451      462      342
      425     1253      425     1254      426     1253
      426      417      422      451      465      341
      500      339      422      417      501      373
      388      418      500      374      388      452
      465     1178      424     1253      427      451
      458      348      422     1255      424     1253
      427      450      387      417      425      416
      424     1252      427     1254      424      452
      362     1280      503      340      424      449
      388     1254      503     1178      423     1255
      425      417      423      417      423      450
      466      342      421      416      422      452
      462      344      423      451      387      420
      500      373      464      341      423      450
      363      478      387      451      471      369
      388      418      501      338      423      455
      457      345      502      339      495      377
      389      416      505      337      502      369
      467      339      505      369      468     1175
      504      372      471      372      386      451
      468     1174      500      343      420      453
      469      370      467      340      502      371
      469      370      463      344      502      337
      505      372      462     1177      496      347
      421      417      504      370      465      375
      467      372      464      376      465     1179
      505      338      497      345      499     1173
      508      368      469      371      469      338
      499      341      502      370      470      337
      503     1172      503    11261     3446     1591
      508     1171      506     1174      507      337
      500      339      504      335      505     1171
      505      371      470      370      470     1173
      507     1172      507      368      472     1172
      505      337      503      337      503     1172
      506     1174      509      368      469     1172
      509     1171      480      397      471      368
      472     1171      507      369      470      335
      506     1170      506      339      504      335
      502      371      468      338      502      371
      471      369      471      336      503      369
      473      366      470      370      472      368
      470      336      505      334      505      369
      470      369      472      368      471      335
      506      367      471      369      471      335
      505     1170      507      370      470      370
      471      368      473      333      506      367
      473     1171      509      366      474      367
      471      368      471      368      473     1170
      507     1173      508     1170      510      371
      467      368      471      369      471      368
      473      368      471      334      505      335
      507      366      472      368      471     1170
      510     1175      504      367      474      333
      505     1171      508     1171      508      335
      506      367      471      369      471     1171
      509     1174      505      334      506     1171
      508      367      472      368      470     1172
      509     1172      508     1175      503      369
      472      367      472      368      472      367
      473      333      506      334      506      367
      473      367      473      367      473      366
      473      367      473      367      472      367
      472      335      506      367      473      366
      472      368      472      334      505      336
      505      366      472      368      473      334
      503      369      473      368      471      368
      470      336      505     1170      510      367
      473      366      473      368      472     1170
      509      367      471      336      506      366
      473      333      507      366      473      367
      471      337      504      368      472      367
      472     1170      510      334      504      368
      473      367      477      363      471      368
      473      367      473     1169      508      369
      473      367      471     1170      510      368
      471      368      471      369      475      364
      474      366      470      369      473     1168
      511