   953479

     3356     1673      423     1254      426     1254
      423      419      423      450      390      451
      388     1253      425      452      389      451
      388     1254      500     1179      426      451
      388     1255      430      446      467      338
      424     1253      426     1253      426      450
      388     1253      427     1255      424      451
      394      447      387     1255      425      451
      389      416      423     1254      425      451
      389      451      389      450      389      417
      423      418      421      452      388      451
      389      451      389      451      388      451
      389      450      389      418      422      417
      422      451      387      453      389      418
      421      418      497      376      440      365
      424      450      466      339      498      341
      424      418      494      344      498      343
      423      416      423     1253      426      451
      389      416      423      451      465      343
      475     1198      428     1252      426     1255
      424      418      421      451      389      451
      390      450      437      370      421      419
      420      418      502      371      464      376
      469     1172      503     1178      424      417
      498      381      384     1254      505     1174
      478      364      501      340      499      340
      423     1253      508     1171      506      343
      489     1180      428      450      389      451
      467     1176      502     1176      426     1253
      506      371      468      343      417      417
      423      451      466      374      466      340
      501      372      389      418      503      369
      465      341      505      368      463      376
      469      372      465      374      465      340
      497      343      506      369      469      370
      466      373      466      339      499      342
      500      339      497      377      468      371
      389      451      389      451      468     1174
      499      342      504      340      499      372
      471     1171      504      373      468      371
      467      340      504      369      473      366
      467      373      470      369      470      336
      503      370      472     1170      508      337
      503      369      471      369      470      370
      468      336      507      335      503     1173
      504      371      471      369      469     1174
      507      369      471      385      456      334
      504      335      504     1173      507     1171
      507      337      503    11257     3448     1590
      482     1196      508     1171      506      339
      504      368      472      334      506     1170
      507      370      444      395      471     1172
      502     1177      508      334      505     1171
      508      368      470      371      472     1170
      508     1176      504      367      472     1171
      508     1171      507      370      470      369
      472     1171      504      372      469      371
      473     1173      503      336      506      336
      503      335      503      336      505      368
      472      335      503      370      472      367
      472      335      481      357      507      371
      468      367      473      368      471      368
      471      334      504      370      473      367
      472      368      472      367      470      369
      473      368      472      367      470      370
      471      368      473      367      470      369
      473     1170      509      334      505      368
      471      369      472      367      473     1170
      512     1167      509     1170      509      367
      472      368      472      368      472      367
      471      369      473      367      473      366
      473      368      471      367      473     1170
      507     1172      509      333      507      334
      504     1172      507     1171      509      368
      473      367      472      335      505     1170
      508     1171      509      368      471     1170
      510      367      472      368      473     1169
      509     1171      508     1170      507      371
      472      367      472      367      472      368
      471      369      472      368      472      367
      472      367      473      333      506      368
      474      365      473      368      471      334
      506      367      473      367      472      334
      506      367      473      367      472      368
      471      368      473      366      472      368
      473      367      472      368      472      367
      472      368      472     1171      508      368
      471      369      472      367      471     1172
      508      368      472      334      506      367
      473      366      474      366      472      335
      505      367      473      333      507      333
      503     1179      503      367      472      368
      472      368      472      368      472      368
      471      368      472     1171      507      335
      504      370      469     1176      506      336
      504      335      503      335      504      336
      504     1171      507     1172      508      369
      472