   964410

     3438     1592      501     1184      498     1173
      399      446      418      422      496      375
      459     1186      502      339      499      339
      502     1176      512     1170      419      422
      496     1179      503      340      497      343
      501     1175      494     1185      502      344
      494     1180      502     1178      502      371
      465      342      501     1174      503      341
      497      345      418     1255      510      366
      471      336      503      336      502      371
      467      341      501      339      501      370
      465      341      497      343      420      422
      499      372      468      340      503      334
      495      344      504      338      500      338
      503      371      468      371      442      366
      501      371      466     1178      503      371
      469      337      502      338      497      342
      502      340      493     1181      508      337
      495      344      501      338      502      370
      467      341      502      338      501      371
      386     1256      503      340      476      365
      502      335      504      337      501      339
      501      340      502      336      497      375
      468     1177      505     1174      504      338
      497      344      498     1177      503     1175
      501      343      496      344      499      340
      420     1259      498     1178      505      371
      468     1175      505      371      465      342
      499     1178      424     1257      502     1174
      499      344      499      373      464      344
      496      342      421      452      466      341
      421      452      387      452      467      339
      425      448      462      350      416      452
      458      381      389      417      421      419
      473      400      460      346      423      450
      469      338      420      452      470      337
      425      414      497      377      464      375
      467      372      389      417      500     1178
      505      370      465      341      421      419
      503     1175      497      346      418      420
      501      372      463      344      499      339
      501      341      419      453      464      342
      498      341      495     1180      502      342
      425      448      435      405      462      377
      468      339      421      452      386     1258
      502      373      465      340      497      377
      388     1255      506      335      501      341
      497      375      465      340      498      345
      494     1181      503    11267     3440     1600
      497     1181      503     1178      499      342
      497      342      421      452      363     1282
      422      420      473      399      465     1178
      500     1179      498      377      462     1182
      503      339      421      452      468     1175
      424     1256      425      418      498     1178
      500     1179      498      378      462      346
      420     1260      496      341      421      452
      466     1177      500      376      462      378
      466      373      388      417      421      422
      418      421      494      377      388      452
      464      342      499      341      420      453
      467      340      420      453      462      377
      462      344      500      340      419      455
      385      421      420      419      497      343
      495     1182      423      418      421      452
      467      339      421      420      419      420
      420     1256      424      451      389      418
      502      339      395      445      495      345
      495      342      422      419      496     1180
      503      372      388      452      466      341
      420      419      497      343      424      449
      387      452      465      343      419     1256
      499     1180      424      451      388      452
      387     1256      500     1184      420      419
      396      445      419      451      461     1184
      497     1181      424      419      421     1255
      425      450      467      340      496     1181
      423     1255      425     1256      423      419
      495      344      420      453      387      419
      422      420      497      340      494      345
      498      343      497      343      421      418
      421      418      499      375      462      377
      464      375      465      343      497      344
      418      419      497      343      421      419
      421      452      387      452      460      381
      462      377      465      374      464      342
      497      343      499     1178      501      342
      419      419      498      375      362     1282
      423      420      498      340      422      451
      465      342      496      344      499      373
      467      372      460      349      419      452
      464     1180      498      343      497      344
      495      377      465      342      501      340
      419      420      498     1177      424      419
      496      345      497      374      388     1256
      495      347      420      453      462      343
      496      344      421      453      463     1179
      424