   879776

     3359     1679      418     1254      500     1180
      424      418      422      452      389      417
      422     1254      426      451      388      452
      388     1252      427     1253      426      451
      389     1255      424      452      388      414
      425     1255      424     1259      421      451
      388     1255      425     1252      427      414
      425      419      421     1254      426      417
      422      421      418     1255      425      417
      422      418      422      418      421      452
      388      414      425      452      388      451
      389      451      389      450      389      420
      419      452      388      417      423      415
      424      452      387      453      387      417
      422      452      389      418      421      452
      388      451      388      416      426      450
      386      419      422      451      389      416
      424      451      387     1254      426      451
      389      451      388      451      389      451
      388      452      388     1254      425      451
      389      451      388      419      421      418
      422      451      388      416      425      417
      421      419      420      452      388      452
      387     1256      425     1253      426      451
      388      452      388     1253      426     1253
      426      451      389      451      388      417
      423     1254      426     1254      425      417
      422      418      422      451      388      419
      421     1254      426     1257      422     1254
      425      416      423      452      388      451
      389      451      388      451      388      419
      421      418      422      451      388      418
      422      419      421      451      389      451
      388      451      387      421      420      456
      385      450      387      452      388      419
      422      417      423      417      422      452
      391      414      422      452      387      418
      422      417      422      417      423     1254
      425      418      423      451      388      451
      388     1256      428      412      423      419
      421      418      423      417      421      417
      423      416      423      417      422      419
      421      452      387     1256      424      452
      388      419      421      419      419      417
      423      416      424      452      388     1255
      426      450      388      451      387     1257
      424     1254      425      451      388     1253
      427     1253      426      451      388     1254
      425      453      387    11344     3362     1675
      424     1254      426     1254      424      452
      389      451      387      418      422     1254
      426      416      423      418      421     1253
      427     1255      424      419      421     1253
      426      452      387      418      422     1254
      425     1254      426      451      389     1251
      427     1255      423      420      421      452
      388     1254      426      451      388      419
      420     1254      425      419      421      417
      423      415      423      420      421      451
      387      453      388      417      422      418
      422      416      423      418      423      417
      422      417      422      419      421      452
      388      416      424      451      392      415
      421      416      423      418      421      452
      387      418      423      452      388      451
      388      418      421      453      388      451
      388     1255      429      412      423      451
      389      451      388      415      425      417
      421     1256      425      451      388      417
      422      453      387      452      387      452
      389      418      421      417      422      420
      420      452      388      451      388     1256
      424     1254      425      419      421      417
      423     1257      422     1253      426      418
      421      418      422      419      420     1253
      427     1254      425      452      387      417
      400      475      387      452      388     1254
      425     1255      424     1254      425      453
      388      450      388      418      422      418
      422      418      422      418      421      452
      388      419      419      453      388      416
      424      451      387      453      388      418
      422      417      421      419      422      418
      421      452      388      451      388      452
      388      452      387      452      387      419
      422      417      422      418      421      453
      387      418      422     1255      424      453
      387      452      388      451      388     1255
      425      419      420      451      388      452
      388      452      388      451      389      418
      421      419      421      452      387      418
      421     1256      424      418      422      417
      423      416      423      452      388      452
      388      451      388     1255      425      451
      388      417      423     1254      425     1253
      426      451      389     1254      425     1254
      430      447      387     1255      425      418
      421