   907245

     3358     1673      424     1254      425     1253
      427      417      423      451      388      451
      389     1258      420      452      388      419
      421     1254      426     1252      426      451
      388     1254      426      451      388      456
      384     1254      426     1253      426      451
      388     1252      427     1253      426      452
      388      418      422     1256      423      451
      388      452      388     1254      426      416
      422      453      387      419      422      451
      388      417      422      417      424      421
      418      451      388      416      424      451
      388      418      422      452      388      451
      389      416      423      418      422      452
      386      452      388      417      423      455
      384      418      423     1253      426      451
      389      416      423      417      423      420
      419      418      422     1253      426      417
      422      422      419      453      386      418
      421      451      389     1253      426      452
      388      451      388      452      387      452
      388      451      389      451      396      445
      387      419      420      452      388      417
      423     1255      424     1253      427      416
      423      451      388     1254      426     1255
      424      451      387      453      388      452
      388     1253      426     1254      426      451
      388      417      422      418      423      416
      422     1253      428     1255      424     1254
      424      452      388      451      389      416
      423      452      387      452      388      419
      421      452      388      418      421      452
      388      418      422      417      422      418
      420      421      421      417      422      451
      388      419      421      418      425      415
      421      452      387      416      425      416
      423      417      423      417      422      417
      423      451      388      452      388     1252
      428      453      386      418      422      451
      387     1256      424      419      421      419
      420      452      388      417      424      417
      421      419      421      451      388      417
      423      417      423     1254      425      417
      423      451      388      419      421      452
      387      452      387      452      389     1255
      424      452      387      452      387     1255
      426     1252      426      418      422     1254
      426     1253      426     1253      426     1254
      425      451      389    11336     3361     1673
      426     1254      426     1252      426      416
      425      450      388      452      388     1254
      425      417      423      451      388     1255
      425     1253      427      450      388     1255
      425      418      422      418      421     1255
      424     1255      425      451      388     1255
      425     1254      425      416      424      451
      388     1255      424      419      420      419
      420     1255      426      451      388      416
      423      452      388      418      421      417
      423      452      387      453      388      451
      388      419      421      417      422      452
      388      417      422      420      421      450
      388      453      387      452      388      417
      421      453      387      421      420      452
      387     1255      423      420      426      447
      387      419      422      451      387      438
      403     1253      425      452      388      417
      423      417      423      418      421      452
      387     1259      421      419      421      451
      388      451      389      451      388      418
      422      418      421      452      388      418
      420      453      388      452      387     1258
      422     1255      425      451      387      418
      423     1254      425     1255      426      450
      388      417      422      422      417     1256
      424     1254      426      451      388      451
      389      416      422      419      422     1255
      424     1257      422     1256      424      451
      388      417      422      452      388      419
      420      452      388      418      421      418
      422      417      422      419      421      418
      423      417      422      451      388      418
      422      452      386      453      388      451
      389      451      388      452      388      418
      422      451      388      452      387      453
      387      452      388      452      387      419
      421      417      422     1256      424      452
      387      418      422      451      389     1256
      423      452      388      452      387      417
      423      452      387      453      387      417
      422      419      422      418      421      451
      389     1254      425      418      421      419
      421      418      422      418      496      377
      387      418      499     1179      424      451
      388      419      421     1253      426     1258
      422      451      388     1254      425     1254
      425     1255      425     1254      425      451
      388