  1241878

     3356     1676      422     1255      426     1255
      423      451      388      452      387      452
      389     1253      426      451      389      451
      389     1251      427     1253      431      447
      389     1252      428      450      388      452
      388     1250      430     1251      428      450
      389     1256      423     1252      428      417
      422      451      389     1253      426      416
      423      452      388     1253      427      415
      424      452      389      451      388      451
      389      450      389      451      389      450
      389      451      390      450      388      451
      389      451      387      417      424      450
      389      416      425      450      389      451
      389      451      387      452      390      450
      388      452      388     1252      427      418
      422      451      389      415      424      451
      388      416      425     1252      427      451
      389      450      387      418      423      452
      388     1252      428     1252      427      455
      384      418      422      451      388      414
      426      451      388      416      425      450
      389      451      388      451      390      450
      389     1252      427     1254      425      451
      388      452      389     1252      427     1251
      428      451      388      418      422      451
      389     1258      420     1253      428      451
      388      451      389      451      388      415
      425     1253      426     1251      428     1257
      422      451      388      453      388      451
      388      451      389      451      388      452
      388      451      389      452      388      451
      388      451      388      451      389      451
      389      415      425      451      388      417
      423      451      386      453      389      416
      423      416      425      450      388      418
      422      452      387      417      423      451
      389      417      424      450      389     1252
      427      451      389      451      388      415
      426     1251      427      451      388      452
      389      450      389      450      390      450
      389      452      388      450      389      451
      389      451      388     1253      427      451
      388      452      388      421      418      415
      424      452      389      450      388     1254
      427      451      388      451      388      452
      389      450      389     1253      427     1252
      426     1253      427     1252      427     1252
      428      451      388    11331     3367     1671
      427     1254      425     1254      426      451
      389      415      425      451      388     1258
      422      450      388      452      388     1254
      426     1252      426      453      388     1253
      427      450      388      418      422     1252
      428     1252      427      451      388     1253
      427     1252      427      451      389      450
      394     1248      427      451      388      451
      388     1252      427      418      423      450
      465      340      424      451      388      416
      423      451      394      411      423      452
      388      451      390      450      389      452
      388      450      388      417      424      451
      388      452      388      451      389      451
      388      452      393      410      425      451
      388     1252      427      417      423      418
      422      416      423      417      422      452
      388     1253      427      451      394      446
      389      415      423      417      424     1252
      426     1254      425      452      388      451
      388      452      389      451      388      452
      388      417      422      416      424      451
      388      452      388      417      423     1252
      428     1252      503      374      389      416
      424     1253      502     1176      427      452
      387      452      389      450      389     1253
      426     1253      427      450      389      451
      389      451      388      452      388     1252
      503     1178      426     1252      427      451
      389      450      389      451      388      456
      384      451      389      451      388      451
      388      452      389      451      388      452
      463      342      422      418      422      451
      389      450      390      450      388      457
      462      372      389      451      466      373
      466      375      388      451      389      451
      466      373      390      450      388      452
      388      417      423     1257      423      451
      387      452      389      451      387     1253
      427      451      389      451      465      339
      424      451      388      452      465      374
      388      452      463      376      466      374
      388     1253      507      336      505      370
      465      374      469      336      498      377
      466      373      465     1182      498      374
      468      372      464      376      465      374
      462     1179      506     1174      426     1253
      425     1259      500     1174      505      373
      387