  1737901

     3422     1607      488     1189      490     1189
      490      393      447      392      448      391
      447     1191      493      388      446      394
      446     1191      489     1191      488      393
      446     1191      489      393      445      394
      447     1195      483     1193      487      394
      447     1189      490     1190      489      392
      446      394      446     1189      490      393
      446      394      446     1192      487      394
      445      394      448      392      446      394
      447      392      444      395      448      392
      447      393      445      394      447      393
      446      394      445      394      446      394
      445      394      447      393      447      392
      447      393      445      394      447      393
      446      394      446     1191      488      393
      447      393      446      394      447      392
      446      394      445     1190      489      395
      444      395      443      401      442      393
      445     1192      487      395      446      393
      445      396      444      394      447      394
      446      393      443      397      443      396
      447      397      440      395      446      394
      445     1190      489     1192      487      395
      443      396      447     1190      488     1194
      486      393      445      395      398      442
      444     1194      485     1195      484      395
      445     1192      488     1195      484     1192
      486      396      445     1192      486     1192
      488      395      444      395      443      397
      446      393      450      390      445      394
      445      395      397      443      397      442
      444      396      444      395      445      395
      445      395      444      395      445      395
      445      394      447      393      397      442
      445      395      398      442      444      395
      444      396      444      396      397      442
      397      442      398      442      444     1193
      491      391      445      394      444      396
      444     1194      439      442      446      393
      398      442      444      396      443      396
      444      395      399      442      446      393
      445      395      443     1194      439      442
      398      442      444      396      397      442
      397      442      398      442      398     1240
      439      442      397      443      397     1239
      487      396      444      395      397     1239
      441     1240      439     1240      439     1239
      440      442      397    11315     3380     1657
      440     1241      438     1238      488      395
      398      442      398      442      397     1280
      399      442      444      396      397     1241
      439     1239      440      442      443     1195
      438      443      397      443      397     1239
      440     1239      440      443      397     1240
      439     1240      440      442      397      442
      397     1240      440      442      398      441
      397     1246      434      442      398      442
      444      395      398      442      398      442
      397      442      398      442      397      442
      398      442      398      441      398      442
      401      438      398      442      398      442
      397      442      397      443      398      441
      398      442      397      442      398      442
      398     1240      440      441      401      439
      397      442      398      441      398      442
      397     1241      439      442      398      442
      397      442      398      442      444     1194
      439      442      397      442      398      441
      398      443      397      442      397      443
      397      442      398      442      397      442
      398      442      398      441      398     1239
      440     1239      440      442      398      442
      397     1241      438     1239      441      442
      397      442      398      442      398     1239
      440     1239      441      441      397     1239
      440     1241      439     1240      438      447
      394     1239      440     1240      439      442
      397      443      397      442      398      442
      397      442      397      443      398      441
      398      446      394      442      398      442
      397      442      398      442      397      442
      398      442      397      442      398      442
      398      442      397      442      397      443
      398      445      393      443      398      441
      398      442      398      441      399      441
      397      442      399     1239      440      441
      398      442      398      442      397     1243
      437      441      398      442      397      442
      398      442      398      442      397      442
      398      442      398      441      398      442
      397     1242      438      442      398      441
      398      442      398      442      397      442
      398      442      397     1240      440      441
      398      442      398     1243      436      442
      397      443      397     1239      440     1241
      439     1239      439     1239      441      442
      401